# M/Msun     logT  logL/Ls   logg    Mv     U-B    B-V    V-R    V-I    V-J    V-H    V-K    V-L    V-M     (x=-1)    (x=1.35)    (x=3)
0.4000000  3.5610 -1.6217  4.8577 10.155  1.016  1.515  1.059  2.042  2.925  3.545  3.768  3.928  4.797  2.1596E+01  7.8554E+01  1.7143E+02
 0.4215961  3.5784 -1.5236  4.8520  9.642  0.974  1.413  0.930  1.790  2.646  3.223  3.432  3.606  4.421  4.3244E+01  1.4354E+02  2.9392E+02
 0.4432441  3.5958 -1.4252  4.8450  9.190  0.904  1.307  0.848  1.642  2.374  2.911  3.113  3.304  4.065  4.3312E+01  1.2781E+02  2.4092E+02
 0.4649085  3.6131 -1.3265  4.8362  8.790  0.811  1.217  0.754  1.471  2.201  2.713  2.900  3.080  3.793  4.3305E+01  1.1423E+02  1.9901E+02
 0.4865492  3.6305 -1.2278  4.8269  8.424  0.710  1.138  0.661  1.297  2.073  2.578  2.745  2.900  3.572  4.4942E+01  1.0631E+02  1.7157E+02
 0.5098507  3.6476 -1.1288  4.8166  8.090  0.637  1.074  0.601  1.175  1.966  2.481  2.633  2.777  3.432  4.9212E+01  1.0419E+02  1.5557E+02
 0.5357616  3.6643 -1.0298  4.8059  7.741  0.538  0.997  0.535  1.045  1.826  2.337  2.476  2.605  3.234  5.1536E+01  9.7434E+01  1.3436E+02
 0.5613865  3.6811 -0.9309  4.7945  7.398  0.396  0.906  0.479  0.940  1.665  2.154  2.281  2.392  2.986  5.1150E+01  8.6624E+01  1.1056E+02
 0.5869112  3.6978 -0.8314  4.7811  7.087  0.211  0.817  0.445  0.884  1.528  1.987  2.101  2.203  2.759  5.3804E+01  8.1845E+01  9.6882E+01
 0.6151908  3.7140 -0.7286  4.7635  6.805  0.055  0.730  0.424  0.848  1.439  1.884  1.987  2.081  2.618  3.3968E+01  4.7385E+01  5.2763E+01
 0.6208794  3.7168 -0.7094  4.7595  6.754  0.031  0.716  0.420  0.842  1.425  1.868  1.969  2.061  2.595  1.1449E+01  1.5290E+01  1.6509E+01
 0.6266401  3.7195 -0.6899  4.7548  6.702  0.009  0.702  0.417  0.836  1.410  1.850  1.949  2.040  2.570  1.1364E+01  1.4853E+01  1.5797E+01
 0.6322432  3.7223 -0.6708  4.7508  6.651 -0.012  0.688  0.413  0.830  1.393  1.829  1.927  2.016  2.541  1.1327E+01  1.4495E+01  1.5189E+01
 0.6379671  3.7250 -0.6513  4.7460  6.598 -0.032  0.675  0.409  0.823  1.377  1.808  1.904  1.992  2.511  1.1364E+01  1.4241E+01  1.4704E+01
 0.6436074  3.7278 -0.6320  4.7417  6.546 -0.051  0.662  0.405  0.816  1.360  1.785  1.879  1.966  2.479  1.1348E+01  1.3927E+01  1.4171E+01
 0.6493148  3.7305 -0.6123  4.7367  6.493 -0.069  0.649  0.401  0.810  1.343  1.762  1.854  1.939  2.446  1.1283E+01  1.3566E+01  1.3606E+01
 0.6548908  3.7333 -0.5931  4.7324  6.441 -0.086  0.637  0.397  0.803  1.325  1.738  1.828  1.912  2.411  1.1239E+01  1.3241E+01  1.3092E+01
 0.6605534  3.7360 -0.5735  4.7273  6.388 -0.102  0.624  0.393  0.795  1.308  1.715  1.803  1.885  2.376  1.1384E+01  1.3144E+01  1.2813E+01
 0.6662750  3.7387 -0.5536  4.7220  6.334 -0.118  0.612  0.388  0.788  1.292  1.692  1.777  1.859  2.342  1.1454E+01  1.2959E+01  1.2455E+01
 0.6720070  3.7414 -0.5336  4.7165  6.281 -0.133  0.600  0.384  0.780  1.275  1.669  1.753  1.832  2.308  1.1399E+01  1.2641E+01  1.1979E+01
 0.6776737  3.7441 -0.5137  4.7110  6.227 -0.150  0.588  0.378  0.770  1.258  1.646  1.727  1.804  2.273  1.1352E+01  1.2342E+01  1.1535E+01
 0.6833591  3.7468 -0.4937  4.7055  6.173 -0.166  0.576  0.373  0.761  1.240  1.622  1.700  1.776  2.235  1.1408E+01  1.2162E+01  1.1210E+01
 0.6890820  3.7496 -0.4735  4.7001  6.119 -0.182  0.564  0.367  0.750  1.221  1.598  1.672  1.746  2.196  1.1401E+01  1.1920E+01  1.0837E+01
 0.6947605  3.7522 -0.4531  4.6937  6.064 -0.195  0.553  0.361  0.739  1.204  1.575  1.646  1.719  2.161  1.1437E+01  1.1727E+01  1.0518E+01
 0.7005187  3.7549 -0.4327  4.6876  6.010 -0.207  0.542  0.355  0.728  1.188  1.553  1.622  1.692  2.126  1.2822E+01  1.2881E+01  1.1389E+01
 0.7075822  3.7573 -0.4103  4.6792  5.951 -0.215  0.533  0.350  0.718  1.174  1.535  1.601  1.670  2.097  1.4137E+01  1.3887E+01  1.2086E+01
 0.7146560  3.7596 -0.3877  4.6701  5.892 -0.222  0.524  0.346  0.709  1.162  1.519  1.583  1.650  2.072  1.3963E+01  1.3402E+01  1.1475E+01
 0.7215457  3.7620 -0.3654  4.6616  5.834 -0.228  0.516  0.341  0.700  1.150  1.504  1.567  1.632  2.049  1.3991E+01  1.3124E+01  1.1058E+01
 0.7286469  3.7643 -0.3424  4.6520  5.774 -0.232  0.508  0.336  0.692  1.140  1.491  1.553  1.617  2.029  1.3934E+01  1.2778E+01  1.0597E+01
 0.7354793  3.7667 -0.3199  4.6432  5.716 -0.236  0.501  0.331  0.683  1.130  1.478  1.539  1.601  2.009  1.3741E+01  1.2325E+01  1.0062E+01
 0.7423875  3.7690 -0.2972  4.6338  5.658 -0.238  0.493  0.327  0.674  1.121  1.466  1.526  1.587  1.991  1.3679E+01  1.2005E+01  9.6526E+00
 0.7491585  3.7713 -0.2747  4.6244  5.600 -0.241  0.486  0.322  0.665  1.112  1.454  1.513  1.573  1.973  1.3662E+01  1.1735E+01  9.2936E+00
 0.7560499  3.7736 -0.2515  4.6144  5.540 -0.242  0.480  0.318  0.657  1.102  1.441  1.500  1.558  1.954  1.3754E+01  1.1563E+01  9.0213E+00
 0.7629126  3.7759 -0.2282  4.6042  5.479 -0.243  0.473  0.314  0.648  1.092  1.428  1.486  1.542  1.934  1.3695E+01  1.1272E+01  8.6638E+00
 0.7697451  3.7782 -0.2049  4.5940  5.418 -0.244  0.467  0.309  0.639  1.080  1.412  1.469  1.524  1.911  1.3773E+01  1.1100E+01  8.4065E+00
 0.7766861  3.7804 -0.1809  4.5827  5.355 -0.244  0.461  0.305  0.631  1.068  1.396  1.452  1.504  1.887  1.3856E+01  1.0935E+01  8.1602E+00
 0.7836014  3.7826 -0.1568  4.5712  5.291 -0.243  0.456  0.301  0.623  1.054  1.378  1.432  1.483  1.860  1.3827E+01  1.0687E+01  7.8593E+00
 0.7905135  3.7848 -0.1324  4.5594  5.226 -0.242  0.450  0.297  0.615  1.039  1.359  1.412  1.461  1.832  1.3734E+01  1.0399E+01  7.5378E+00
 0.7973358  3.7870 -0.1081  4.5477  5.161 -0.240  0.445  0.293  0.606  1.023  1.338  1.390  1.438  1.802  1.4190E+01  1.0524E+01  7.5188E+00
 0.8047038  3.7891 -0.0835  4.5355  5.095 -0.238  0.440  0.290  0.599  1.008  1.318  1.369  1.414  1.773  1.4931E+01  1.0840E+01  7.6289E+00
 0.8122667  3.7912 -0.0591  4.5235  5.029 -0.236  0.435  0.286  0.591  0.992  1.297  1.346  1.391  1.743  1.4934E+01  1.0609E+01  7.3536E+00
 0.8196376  3.7934 -0.0349  4.5120  4.964 -0.233  0.430  0.282  0.583  0.976  1.275  1.323  1.366  1.711  1.4810E+01  1.0298E+01  7.0314E+00
 0.8270762  3.7956 -0.0104  4.5003  4.899 -0.231  0.425  0.278  0.574  0.959  1.254  1.301  1.342  1.680  1.4648E+01  9.9734E+00  6.7102E+00
 0.8342855  3.7977  0.0137  4.4883  4.835 -0.229  0.420  0.274  0.566  0.945  1.234  1.279  1.319  1.651  1.4455E+01  9.6414E+00  6.3937E+00
 0.8415310  3.7999  0.0382  4.4764  4.770 -0.227  0.415  0.270  0.558  0.929  1.213  1.257  1.294  1.620  1.4436E+01  9.4360E+00  6.1692E+00
 0.8487219  3.8020  0.0629  4.4638  4.704 -0.226  0.410  0.266  0.550  0.913  1.192  1.235  1.271  1.589  1.4130E+01  9.0541E+00  5.8375E+00
 0.8556609  3.8042  0.0870  4.4520  4.640 -0.224  0.404  0.262  0.542  0.898  1.170  1.212  1.246  1.557  1.3842E+01  8.7001E+00  5.5338E+00
 0.8625637  3.8064  0.1115  4.4398  4.576 -0.221  0.399  0.258  0.533  0.882  1.148  1.189  1.221  1.525  1.3715E+01  8.4597E+00  5.3102E+00
 0.8693764  3.8086  0.1360  4.4275  4.511 -0.219  0.394  0.254  0.525  0.866  1.126  1.165  1.196  1.493  1.3512E+01  8.1814E+00  5.0693E+00
 0.8760753  3.8107  0.1605  4.4148  4.446 -0.216  0.389  0.250  0.518  0.851  1.105  1.143  1.172  1.462  1.3269E+01  7.8907E+00  4.8277E+00
 0.8826450  3.8129  0.1851  4.4022  4.380 -0.213  0.384  0.246  0.510  0.835  1.083  1.121  1.148  1.431  1.3203E+01  7.7142E+00  4.6614E+00
 0.8892786  3.8150  0.2103  4.3887  4.313 -0.209  0.379  0.242  0.503  0.820  1.062  1.099  1.125  1.401  1.2933E+01  7.4263E+00  4.4332E+00
 0.8955777  3.8172  0.2348  4.3760  4.248 -0.204  0.375  0.239  0.496  0.804  1.040  1.076  1.101  1.370  1.2632E+01  7.1323E+00  4.2077E+00
 0.9019102  3.8194  0.2591  4.3636  4.183 -0.199  0.370  0.235  0.489  0.788  1.017  1.053  1.076  1.338  1.2512E+01  6.9497E+00  4.0529E+00
 0.9080898  3.8219  0.2813  4.3544  4.122 -0.192  0.365  0.231  0.481  0.770  0.992  1.027  1.049  1.303  1.2396E+01  6.7749E+00  3.9063E+00
 0.9143064  3.8243  0.3039  4.3443  4.061 -0.186  0.360  0.227  0.474  0.754  0.969  1.003  1.023  1.270  1.2320E+01  6.6269E+00  3.7785E+00
 0.9204100  3.8267  0.3266  4.3341  4.001 -0.180  0.355  0.222  0.466  0.737  0.946  0.980  0.998  1.238  1.2093E+01  6.4038E+00  3.6114E+00
 0.9263995  3.8291  0.3495  4.3236  3.940 -0.174  0.350  0.218  0.457  0.721  0.924  0.957  0.974  1.208  1.2128E+01  6.3240E+00  3.5280E+00
 0.9325379  3.8314  0.3733  4.3119  3.878 -0.170  0.344  0.213  0.449  0.707  0.904  0.937  0.952  1.180  1.2155E+01  6.2418E+00  3.4448E+00
 0.9385548  3.8337  0.3970  4.3002  3.816 -0.167  0.338  0.208  0.439  0.693  0.885  0.917  0.931  1.152  1.1879E+01  6.0085E+00  3.2811E+00
 0.9444170  3.8360  0.4207  4.2884  3.755 -0.164  0.332  0.203  0.428  0.680  0.867  0.898  0.910  1.125  1.1762E+01  5.8624E+00  3.1683E+00
 0.9503172  3.8383  0.4449  4.2761  3.692 -0.160  0.325  0.197  0.418  0.667  0.849  0.879  0.890  1.099  1.1983E+01  5.8852E+00  3.1479E+00
 0.9564003  3.8404  0.4705  4.2617  3.626 -0.157  0.319  0.192  0.409  0.654  0.832  0.862  0.872  1.076  1.2002E+01  5.8079E+00  3.0745E+00
 0.9623192  3.8424  0.4969  4.2459  3.558 -0.153  0.314  0.188  0.401  0.642  0.816  0.846  0.854  1.054  1.1779E+01  5.6176E+00  2.9435E+00
 0.9681793  3.8444  0.5242  4.2293  3.487 -0.147  0.309  0.184  0.393  0.630  0.800  0.829  0.837  1.032  1.1672E+01  5.4879E+00  2.8469E+00
 0.9739917  3.8461  0.5533  4.2096  3.411 -0.141  0.304  0.181  0.388  0.619  0.786  0.815  0.821  1.014  1.1875E+01  5.5041E+00  2.8269E+00
 0.9800543  3.8474  0.5858  4.1850  3.327 -0.135  0.301  0.178  0.383  0.610  0.774  0.804  0.809  0.999  1.2512E+01  5.7151E+00  2.9052E+00
 0.9865041  3.8482  0.6224  4.1544  3.233 -0.129  0.299  0.177  0.380  0.604  0.766  0.796  0.801  0.990  1.2915E+01  5.8103E+00  2.9222E+00
 0.9929697  3.8480  0.6622  4.1167  3.132 -0.125  0.298  0.176  0.380  0.604  0.765  0.795  0.801  0.990  1.1134E+01  4.9378E+00  2.4586E+00
 0.9976380  3.8465  0.6940  4.0809  3.053 -0.126  0.300  0.178  0.382  0.612  0.775  0.805  0.812  1.002  8.3730E+00  3.6708E+00  1.8130E+00
 1.0013427  3.8442  0.7206  4.0467  2.987 -0.127  0.304  0.182  0.388  0.625  0.791  0.822  0.830  1.024  6.7814E+00  2.9467E+00  1.4463E+00
 1.0044194  3.8413  0.7430  4.0140  2.933 -0.128  0.311  0.187  0.398  0.641  0.811  0.843  0.853  1.053  5.5904E+00  2.4116E+00  1.1777E+00
 1.0069331  3.8379  0.7625  3.9820  2.885 -0.129  0.319  0.194  0.411  0.659  0.836  0.868  0.881  1.088  4.6706E+00  2.0028E+00  9.7391E-01
 1.0090900  3.8342  0.7803  3.9504  2.843 -0.129  0.329  0.202  0.427  0.679  0.863  0.897  0.912  1.128  3.8489E+00  1.6422E+00  7.9581E-01
 1.0107820  3.8302  0.7951  3.9203  2.809 -0.131  0.339  0.210  0.444  0.702  0.895  0.930  0.948  1.175  3.0699E+00  1.3046E+00  6.3041E-01
 1.0121599  3.8262  0.8078  3.8922  2.781 -0.136  0.347  0.218  0.457  0.727  0.930  0.966  0.987  1.224  2.5734E+00  1.0900E+00  5.2551E-01
 1.0133554  3.8221  0.8192  3.8649  2.759 -0.144  0.355  0.225  0.470  0.755  0.969  1.006  1.030  1.279  2.1702E+00  9.1671E-01  4.4110E-01
 1.0143301  3.8179  0.8287  3.8390  2.742 -0.153  0.364  0.232  0.483  0.785  1.011  1.049  1.076  1.337  1.8584E+00  7.8318E-01  3.7623E-01
 1.0152138  3.8137  0.8375  3.8138  2.728 -0.160  0.372  0.239  0.496  0.815  1.053  1.093  1.122  1.397  1.6453E+00  6.9196E-01  3.3194E-01
 1.0159754  3.8095  0.8453  3.7895  2.715 -0.164  0.381  0.247  0.511  0.846  1.095  1.136  1.168  1.456  1.4474E+00  6.0765E-01  2.9113E-01
 1.0166612  3.8053  0.8520  3.7663  2.706 -0.167  0.390  0.255  0.527  0.876  1.137  1.181  1.216  1.518  1.3070E+00  5.4783E-01  2.6218E-01
 1.0172824  3.8011  0.8580  3.7438  2.699 -0.170  0.399  0.263  0.543  0.907  1.180  1.225  1.264  1.579  1.1778E+00  4.9297E-01  2.3568E-01
 1.0178390  3.7969  0.8630  3.7222  2.694 -0.174  0.409  0.271  0.559  0.938  1.221  1.270  1.311  1.640  1.0759E+00  4.4973E-01  2.1482E-01
 1.0183583  3.7926  0.8672  3.7010  2.693 -0.178  0.418  0.279  0.575  0.970  1.264  1.315  1.359  1.701  1.0158E+00  4.2410E-01  2.0240E-01
 1.0188548  3.7884  0.8707  3.6809  2.694 -0.184  0.428  0.287  0.591  1.002  1.306  1.360  1.407  1.762  9.8160E-01  4.0935E-01  1.9520E-01
 1.0193399  3.7841  0.8735  3.6611  2.697 -0.190  0.437  0.295  0.608  1.033  1.348  1.404  1.454  1.823  9.3170E-01  3.8811E-01  1.8493E-01
 1.0197865  3.7798  0.8753  3.6423  2.701 -0.194  0.447  0.303  0.624  1.062  1.386  1.443  1.497  1.877  8.9350E-01  3.7181E-01  1.7703E-01
 1.0202334  3.7756  0.8763  3.6247  2.706 -0.195  0.458  0.311  0.640  1.085  1.417  1.476  1.532  1.922  8.8390E-01  3.6743E-01  1.7482E-01
 1.0206704  3.7713  0.8766  3.6074  2.711 -0.196  0.469  0.319  0.657  1.105  1.443  1.504  1.563  1.961  8.8840E-01  3.6893E-01  1.7541E-01
 1.0211218  3.7670  0.8768  3.5902  2.715 -0.196  0.481  0.328  0.674  1.123  1.468  1.530  1.591  1.997  9.1400E-01  3.7917E-01  1.8015E-01
 1.0215844  3.7628  0.8773  3.5731  2.719 -0.194  0.494  0.336  0.691  1.142  1.493  1.556  1.620  2.034  9.4190E-01  3.9032E-01  1.8531E-01
 1.0220637  3.7585  0.8789  3.5545  2.721 -0.189  0.508  0.345  0.708  1.164  1.523  1.588  1.655  2.079  1.0248E+00  4.2420E-01  2.0123E-01
 1.0226092  3.7542  0.8831  3.5333  2.718 -0.180  0.524  0.354  0.726  1.190  1.558  1.626  1.696  2.132  1.1426E+00  4.7237E-01  2.2389E-01
 1.0232063  3.7501  0.8913  3.5090  2.704 -0.166  0.540  0.363  0.743  1.217  1.594  1.667  1.738  2.189  1.2632E+00  5.2151E-01  2.4694E-01
 1.0238724  3.7461  0.9057  3.4789  2.675 -0.148  0.557  0.371  0.759  1.244  1.631  1.708  1.782  2.245  1.4038E+00  5.7867E-01  2.7371E-01
 1.0246101  3.7424  0.9276  3.4425  2.627 -0.131  0.572  0.379  0.772  1.269  1.665  1.745  1.821  2.296  1.4972E+00  6.1614E-01  2.9109E-01
 1.0253696  3.7393  0.9563  3.4017  2.560 -0.117  0.586  0.384  0.782  1.289  1.692  1.775  1.853  2.336  1.5209E+00  6.2481E-01  2.9483E-01
 1.0261310  3.7368  0.9905  3.3578  2.478 -0.105  0.597  0.388  0.789  1.305  1.713  1.798  1.877  2.368  1.4814E+00  6.0754E-01  2.8633E-01
 1.0268510  3.7347  1.0269  3.3133  2.390 -0.095  0.607  0.391  0.795  1.318  1.731  1.817  1.898  2.394  1.4096E+00  5.7714E-01  2.7169E-01
 1.0275406  3.7329  1.0653  3.2680  2.296 -0.085  0.616  0.394  0.799  1.329  1.746  1.833  1.915  2.416  1.3400E+00  5.4778E-01  2.5758E-01
 1.0281910  3.7312  1.1041  3.2227  2.202 -0.075  0.624  0.396  0.803  1.340  1.760  1.848  1.932  2.437  1.2915E+00  5.2716E-01  2.4763E-01
 1.0288321  3.7297  1.1436  3.1775  2.105 -0.067  0.632  0.398  0.807  1.350  1.773  1.862  1.946  2.455  1.2060E+00  4.9156E-01  2.3067E-01
 1.0293970  3.7282  1.1835  3.1318  2.007 -0.058  0.639  0.400  0.810  1.359  1.786  1.875  1.961  2.473  1.1208E+00  4.5622E-01  2.1389E-01
 1.0299529  3.7269  1.2239  3.0864  1.908 -0.050  0.645  0.402  0.814  1.367  1.797  1.887  1.973  2.489  1.0864E+00  4.4167E-01  2.0688E-01
 1.0304834  3.7255  1.2641  3.0409  1.810 -0.042  0.651  0.404  0.817  1.376  1.809  1.899  1.986  2.505  1.0337E+00  4.1973E-01  1.9644E-01
 1.0309866  3.7242  1.3043  2.9957  1.712 -0.034  0.657  0.406  0.821  1.384  1.820  1.911  1.998  2.521  9.6120E-01  3.8985E-01  1.8231E-01
 1.0314446  3.7227  1.3443  2.9499  1.614 -0.026  0.664  0.409  0.825  1.393  1.833  1.925  2.012  2.538  8.8430E-01  3.5828E-01  1.6743E-01
 1.0318709  3.7213  1.3845  2.9042  1.517 -0.017  0.670  0.411  0.829  1.402  1.844  1.937  2.025  2.554  8.2570E-01  3.3422E-01  1.5607E-01
 1.0322703  3.7199  1.4247  2.8586  1.419 -0.009  0.676  0.414  0.834  1.411  1.856  1.950  2.038  2.570  7.7250E-01  3.1240E-01  1.4579E-01
 1.0326434  3.7185  1.4650  2.8129  1.321 -0.002  0.681  0.417  0.839  1.419  1.868  1.963  2.050  2.585  9.3050E-01  3.7593E-01  1.7532E-01
 1.0332008  3.7160  1.5313  2.7368  1.162  0.012  0.691  0.423  0.850  1.435  1.890  1.986  2.072  2.613  1.0533E+00  4.2506E-01  1.9808E-01
 1.0336967  3.7134  1.5975  2.6604  1.004  0.026  0.700  0.429  0.862  1.452  1.913  2.011  2.095  2.642  9.2750E-01  3.7387E-01  1.7409E-01
 1.0341283  3.7109  1.6638  2.5843  0.846  0.039  0.709  0.436  0.875  1.468  1.936  2.034  2.117  2.669  8.1350E-01  3.2760E-01  1.5243E-01
 1.0345102  3.7080  1.7290  2.5077  0.693  0.055  0.719  0.445  0.890  1.486  1.962  2.061  2.141  2.700  7.1770E-01  2.8877E-01  1.3428E-01
 1.0348460  3.7051  1.7940  2.4312  0.540  0.071  0.730  0.453  0.905  1.505  1.987  2.088  2.166  2.731  6.3510E-01  2.5534E-01  1.1867E-01
 1.0351453  3.7021  1.8586  2.3547  0.387  0.089  0.742  0.461  0.919  1.523  2.012  2.114  2.191  2.762  5.6980E-01  2.2893E-01  1.0635E-01
 1.0354158  3.6991  1.9231  2.2783  0.234  0.109  0.755  0.469  0.932  1.540  2.036  2.140  2.216  2.792  5.3000E-01  2.1280E-01  9.8813E-02
 1.0356753  3.6960  1.9869  2.2022  0.082  0.132  0.770  0.476  0.944  1.557  2.060  2.164  2.241  2.821  4.8490E-01  1.9458E-01  9.0316E-02
 1.0359007  3.6928  2.0504  2.1260 -0.070  0.159  0.788  0.482  0.955  1.574  2.082  2.188  2.266  2.849  5.0650E-01  2.0314E-01  9.4249E-02
 1.0361818  3.6896  2.1140  2.0498 -0.222  0.189  0.807  0.489  0.965  1.590  2.104  2.211  2.291  2.876  6.7230E-01  2.6945E-01  1.2496E-01
 1.0365730  3.6871  2.1676  1.9863 -0.351  0.215  0.823  0.493  0.973  1.602  2.121  2.229  2.310  2.897  5.6110E-01  2.2473E-01  1.0417E-01
 1.0367429  3.6836  2.2295  1.9105 -0.498  0.252  0.847  0.500  0.984  1.621  2.145  2.255  2.338  2.928  3.0330E-01  1.2142E-01  5.6260E-02
 1.0368763  3.6800  2.2909  1.8348 -0.643  0.291  0.871  0.508  0.997  1.641  2.171  2.284  2.369  2.960  2.5460E-01  1.0189E-01  4.7201E-02
 1.0369975  3.6763  2.3518  1.7591 -0.783  0.332  0.895  0.517  1.011  1.664  2.202  2.316  2.404  2.998  2.2880E-01  9.1538E-02  4.2398E-02
 1.0371051  3.6725  2.4121  1.6836 -0.920  0.376  0.921  0.526  1.028  1.691  2.237  2.352  2.442  3.040  2.0570E-01  8.2276E-02  3.8101E-02
 1.0372032  3.6688  2.4726  1.6084 -1.056  0.422  0.947  0.535  1.044  1.720  2.274  2.391  2.483  3.083  1.8500E-01  7.3980E-02  3.4254E-02
 1.0372901  3.6649  2.5321  1.5333 -1.186  0.473  0.975  0.546  1.063  1.753  2.316  2.434  2.528  3.131  1.6470E-01  6.5849E-02  3.0485E-02
 1.0373679  3.6609  2.5915  1.4580 -1.313  0.527  1.005  0.558  1.083  1.788  2.362  2.481  2.578  3.184  1.4720E-01  5.8842E-02  2.7238E-02
 1.0374373  3.6570  2.6506  1.3833 -1.438  0.581  1.035  0.570  1.105  1.825  2.409  2.530  2.629  3.237  1.3290E-01  5.3117E-02  2.4585E-02
 1.0375008  3.6529  2.7093  1.3082 -1.558  0.636  1.067  0.585  1.131  1.865  2.460  2.582  2.684  3.297  1.1940E-01  4.7715E-02  2.2082E-02
 1.0375567  3.6488  2.7670  1.2341 -1.674  0.691  1.100  0.603  1.161  1.906  2.511  2.637  2.741  3.359  1.0720E-01  4.2834E-02  1.9822E-02
 1.0376080  3.6446  2.8245  1.1599 -1.785  0.749  1.134  0.624  1.197  1.951  2.566  2.697  2.803  3.428  9.7800E-02  3.9073E-02  1.8080E-02
 1.0376545  3.6404  2.8818  1.0858 -1.892  0.808  1.170  0.648  1.237  1.998  2.624  2.760  2.868  3.501  8.9000E-02  3.5554E-02  1.6450E-02
 1.0376970  3.6361  2.9388  1.0116 -1.994  0.869  1.206  0.673  1.280  2.048  2.685  2.827  2.938  3.579  8.0600E-02  3.2195E-02  1.4895E-02
 1.0377351  3.6318  2.9956  0.9376 -2.093  0.931  1.243  0.697  1.323  2.101  2.750  2.897  3.010  3.659  7.3200E-02  2.9237E-02  1.3526E-02
 1.0377702  3.6275  3.0521  0.8639 -2.190  0.992  1.280  0.720  1.364  2.157  2.818  2.969  3.085  3.741  6.8000E-02  2.7158E-02  1.2563E-02
 1.0378031  3.6231  3.1085  0.7899 -2.285  1.055  1.316  0.740  1.403  2.217  2.891  3.045  3.164  3.827  6.2400E-02  2.4919E-02  1.1527E-02
 1.0378326  3.6188  3.1652  0.7161 -2.378  1.118  1.352  0.758  1.440  2.279  2.966  3.123  3.244  3.914  6.2700E-02  2.5037E-02  1.1581E-02
 1.0378658  3.6146  3.2221  0.6424 -2.471  1.179  1.388  0.776  1.477  2.343  3.043  3.202  3.325  4.003  7.1800E-02  2.8669E-02  1.3260E-02
 1.0379044  3.6103  3.2791  0.5682 -2.558  1.242  1.424  0.795  1.517  2.412  3.125  3.287  3.413  4.099  3.8600E-02  1.5412E-02  7.1280E-03